-618-

quadrifico 1111426,18.
quadrifidum muudum 70, 21.
quadriforme 11311111 111111 71, 1.
quadriforme 11111 0111111 423, 6.
quatriduanus 864, 8.
querulosus (9) 366, 8.
3111110111111113131,1497 6.
radicavit (9) 620, 4. radicati 620, 7.
11111111111(9) circumdate 793, 6.
reaccenduntur cerei 806, 10.
reaedificare (9) 76, 21.
1111111186, 7.
1111111(9) 204, 4.
11 ’1111111111111111111111,8.
orium (9)648,1.
reemdare 88, 6.
11111113111164, 7.
1111111111 881, 8.
recreanti perditae 1111131111 126, 4.
rectitudo 187, 4.
rectrix puellarum 776, 6.
redemptor (V) 166, 8. 179, 18.
redimire 11111111 13111111264, 16.
resectionu 1111111290, 7.
1111111111(9.11111·31111)89,9.
111113111814, 6.
rescia eriuen (9) 66, 4.
reintegrat 878, 6. 462, 6.
nu 111 ,.. .
111131111111 192, 6.
relucida diecula 11,6.
reluctanti 762, 4.
reparator eitee 162, 4.
1131111111278, 11.
1131111111 (9) reprobetur 414, 2.
recinat 806, 8.
reetaurator virtutum 162, 4.
reetauratria 1131111111 269, 2.
reeteo luqueo 111111111687, 7.
reruecitare (V) 287, 4. 604, 2.
rotrude (9) 111111 882, 19.
1111111111787,4
acide (1) 661, 4.
111111111111111614, 10.
1111311111,111111311111,11111131111 (9.
. ron? 1126911341 89183,7. ⁹
1116111111 11111 (9) 888, 6.
1 'unt (9) hauteu 1111188, 8.
111111(9),1402.146,10.249,.9
61001111 (coifi 11111) 748, 12.
euggsstua (9) 166, 6’. 868, 8. 602, 1.
1101111111 (9) 622, 4.
sacerdotium (9) ex'tinxonmt 882, 18.
1111111148, 10.
11111111787,4.
saliuncula 181, 8.
1111111111 (9) 864, 7. 861, 10.

calcatio (9)267, 1 426,12.

curatrix 206, 2. 286, 11. 278, 18. 7687.

1111131111(9)172,6.699,24.766,10.

eaioificuc 162, 9. 496, 2.

111111111(9. 11111) 66, 1.

111111111113111114110.

111111111892,12.

111111311111(9)188,6.201,4.210,11.

sanctificator( 128,12867,2.

tanctiuoniurn 69,11.

1111111113) 71, 8.

1131’111(1(ο1111111728,4.

81101011(1111311111, 9)(10611 16812.

:cogam inante 'myra Μδέἑζῖω ln, {siim

1111 eo
111311111 (8111111111) 796, 4.

11111111111772, 1.

1888113111 (111.) 63131, 1

1111111011οω (ezec 1111311311αὲ) 616811111-
111111111882, 14.

11111 (9) 111111 magorum 11, 7.

ecorialm 311 9) 1119, 8.

.1111111111 111, 1.’

rectae (9) gentilium 409, 4.

seductibilis 220, 6.

1111111111(9) 716, 6.
semimortua 229, 17.

1111111111 889, 4.
remunerationum

amplecterentur.

11111111(9) 124, 6.810,6.·

11311111(11311111)11111166,6.

11311111111 culpes 166, 7.

septenum 166, 7. 8.

1131111111111111111 772, 7.

1136111111 311111 129,1. 409,8.131-
nmtuelgilu 1. 60. (64,.2. 80610.

1131131111(9) spiritum 136, 801

113 1113 meda 688, 4.

1111311111628 11. 686, 6.

cerata porte 218, 7.

1113111 (9. dictiolue) 11113111 78,1.
1111111184,8.1.1131111,13111611.
1113111111 1111111180, 7. conminuet
1111111 70, 7.

1111111111 11111690, 9.

11111(9) 311111111111133111111 21, 8.

1131111161 (9) 689, l.

enaflnlaculurn (9) 1111111 86, 9. pudori·

1131111111 608, 7.

1131111111 reri 11111 91, 11.

1111111111 (9) Annae 787, 4.

1111111111 746, 6.

11361111179,1.1.131131ο1111.

11131311111628, 9. e. 131131οηί1111.

1111111111 (9) rivere 99, 11.

 

