Vcrzaichniss

derjeninen 1151151, melcho in cion romischen Κ1151111515 gor nicht, 5451 in 111-
neichondor Form 51151 1156551559 151115151151. ’

nnn—n·—

(me 2511155 ionica 111111. ani 81159115, du machinamento (1) tentet 55, dm hu Victi 111
451 intacto ior 91511 1511511151.) 1

mmmm mmmmmmmcffia 1

abbatissa 747, 10. 682,12. altrix 1555111 757, 2.

5511155151 monili 565, 9. 5115151151 59111, ponem 700, 7

abitio (11511.) 899, 4. 5115911115, collegium 219, 9.

agtactatao (V) 91, 7. 794, 9. almifico, almiphona, 5151115155 pathin

a ra 59 15. 168,10.

abaciaco, (5911111, 1) 155111 44,12.116115 atta-riam 5111511 59, 9.
199, 9. 551155515115 15111 77, 2.

555151519511915551611Κ151151955949,4. altithronus dominas 199, 19.

acherontis 51115, 15115115 69, 9. 1151551955 (imponat) 59, 11.

aetitia (1111915151) 561, 7. 5111601199 882, 32.

5515515 crimen 225, 2. 5515551115155151 991, 4.

adinvenit (1) 911111115111551511 429,1. 5155115511 (451111. 65111) 590, 10.

5111111115 242, 6. 795, 9. amorosa crucifixi stigmata 956, 21.

51155551556,4.545, 17. 55951559155(515151111111511)29,2.

5151111151,5551551151169,5. 1 omphacio 5111111 anatome 295, 7.

adolescentula (V) 291, 11’. 995, 9 ¹ 5159115515 dei 5511555 679, 8.

5515551(1)140,2.149,10.(5599551551 (1) divini 115111 254, 5.

5515551591) 92, 5. 124,18. 194, 9. 605, 2.’51515511·1511 (41591 m] 747, 9.

advocatrix 279, 4.1555115115119511(414111111)119,10.

nemesis (4111111992, 7. ξ5119511559, 15. 1

5511551115 45, 11. 207, 9 254,.9 annotina (1) agmina 16, 5. 5515111100, 1
907, l. 941, 12. 621, 8. 892, 20. 1 1151559115. 170, 7.(119111155199, 11.

affamcn Christi 497, ’1. 1 doctrino 997, 91555 141, 4. manus

59551551511119151115111999, 2. , 421,10.ο195115167,7.9155116910.

5951111515(4911911)169,15.ῑ species 790, 2. turha 559, 6. 11111

‹wmfflmmm. {cunmoimoimo ,

59155(111915111151497,1259111511Ι 926, 15595115555111955151460 1.
149, 10. 5915 pneumati 519, 6. 5915 5115151519,9.741,19555951591.1
pneumatica 991, 6. 1 400,10.5591115111151998,.9 949, 22.

595155155749,11. 5 511511, 210, 1 spiritus 205', 4.

Ἥ (41151, 1,) 91551511 (11555111151191), 1 ,onmia l’idiabolii 5511511511, 1. n. co- .

nor, 151 51.

595515 (49111111, V) 472, 5. annichitnt Epoadnimm

59551115 (hyon 1111) 452, 9. 699, 9. annuatim 957, 1.
15,1Μ5Μ55Η (Μωω5,1Μ5555,η

5115,1151555651151,14’0,5.5191151499 55115955 (1119511111) 950,11.

 

