-129 .··

9971911919 gaudium 276, 6. 9191191119 889, 4.
99199911911111119 (V) 19, 2. 36,2. 6214. 91 9791119 pugil 33, 11. 1
119, 3. 117, 1. 1vr,12. 22919. 1119912199. 1
’ 244, 2. 263, 4. 298, 5. 308, 3. 386, 9. vinctura 653, 8.
911911199199119119332, 1. vinculatur Christus 298, 2. vinculato
vuitus (V) 139, 15. 141, 1. 142, 1. 10. principe 92, 15.
143, 1. 13. 147, 2. 5. 448, 8. 622, 1. 91799901191111191111913, 12.
universaliter 497, 9. 9119999919 98, 2. 181, 3. 807, 2. 1
univit in 99 dvo 41, 3. 91797 (V) iveni 155, 4. 1
uranica virtu's 168, 10. plebs 347, 11. -917199119119191565, 1. 3
usia (11114) 17, 14. 112, 2. 143, 7. 168, 99919191199933, 12. 1
14. 193, 2. 234, 4. 618, l. viscerosa pietate 219, 3. viscsrosus .
usitivc 119 250, 7. 199119 83, 12.
ustura carbonum 753, 3. visibiliter 457, 1.
visre 111991191111111111111911199623, 9. visitatrix 210, 12. 212, 6.
vastarunt virgines 882, 5. 91191191111919) tradidit 46, 21.
’ vena 1911199 = 1119719. 302, 4. vivifiars 111) 124,16. 213, 8. 372, 8.
veveuca 119 620, 10. 452, 4. 567, 5.
verteremus 164, 1511199 999979711111591 vivificus 195, 3. 387, 3.
164, 5. 91919191999979719 271, 3. 99191197537, 2.
veraciter 331, 6. 9919991719 575, 3.
9975199719 168, 15. 99991191 143, 10.
vertum (incarnatum, 9111119991) i. c. 9119191111.1890,8.
199119 dci 1111119 (V) 7, 12. 41, 1. 53, 3. ydolatria 373, 2. 704, 11. 336, 6. ydo-
179, 2. 179, 1. 192, 3. 1914. 19111. 1991991121. 1191191119.
210, 2. 299, s. 233, 7. 249, 211. ymas (19171 99, 11.
261, 2. 264, 8. 267, 3. 268, 3. 269, 3. ymnum 611, 2. e. 11911111.
291, 1. 313, ἐ. 313, 1. 324, 4. 359, 3. ysopus, 9199999 113, 7. 195, 3. 9. 1191-
368, 1. 373, . so .
¹versio (9911191919) 332, 1. eubulo 1111911919) instigante 553, 3.
versutias (V) 540, 16. 1191979111 735, 4. 744, 3.
viaticum (V) 160, 2. auctor 162, 3.
victimarius (V) 9199 452, 9. 11191991919911, V) 412, 5.
victorialiter 821, 3. settis (41191, V) 58, 7.
9191971991 693, 7. reuma 11911119 772, 3.
videri, ut 1. possit genitor 9 nobis 99919111 odores 564, 3.
124, 10. 9991911191) scorias 199, 3. 1919991, 12.

 

