μη.-

Nr. 787. 788. 789. 795. 796. 797. 803. 804. 807. 611. 823. 824.
895. 896. 897. 830. 839. 834. 839. 840. 841. 849. 843. 847.

gg} 851. 859. 853. 854. 855. 858. 860. 861. 869. 864. 874.

Χ VI. Jalorhocdorc.

Nr. 9. 3. 8. 16. 18. 19. 93. 97. 98. 99. 30. 34. 35. 40. 41. 47.
51. 59. 53. 55. 68. 79. 73. 77. 98. 100. 103. 106. 107. 196.
133. 136. 145. 147. 148. 156. 158. 160. 169. 164. 165. 171.
173. 174. 178. 179. 180. 181. 183. 189. 196. 901. 907. 909.
919. 914. 990. 991. 995. 996. 997. 998. 999. 939. 938. 949.
943. 957. 958 282. 285. 986. 988. 989. 999. 996. 997. 998. 301.
304. 306. 307. 309. 311. 326. 327. 398. 331. 333. 337. 340.
348. 349. 363. 364. 366. 379. 377. 379. 382. 387. 389. 397.
400. 406. 409. 419. 413. 431. 437. 438. 439. 440. 441. 449.
447. 450. 451. 454. 457. 458. 462. 468. 469. 470. 471. 476.
477. 478. 479. 481. 489. 483. 485. 491. 495. 499. 500. 509.
510. 511. 519. 517. 518. 520. 596. 598. 533. 534. 536. 549.
560. 571. 579. 573. 574. 575. 576. 577. 588. 589. 592. 594.
598. 604. 605. 606. 607. 609. 614. 691. 697, 638, 641. 643.

644. 650. 651. 679. 673. 674. 679. 680. 689. 697. 702. 704. ³

717. 718. 719. 790. 799. 730. 731. 732. 739. 743. 745. 751.
758. 769. 763. 766. 771. 772. 773. 774. 785. 786. 791. 799.
793. 794. 798. 801. 809. 806. 809. 810. 890. 899. 898. 833.
844. 849. 856. 857. 859. 877. 878. 880.

1765666666, weil 14696666 766666.

Nr. 117. 134. 151. 161. 188. 195. 903. 959. 293. 316. 323. 361.
362. 393. 489. 494. 516. 530. 531. 555. 557. 599. 608. 613.
615. 616. 699. 636. 637. 639. 692. 694. 700. 709. 797. 747.
757. 761. 799. 899. 831. 875. 876. 881.

6. llucllcn und Hillsmillcl.

Ilcnlcl Herm. Adclbcrt (9666. zo Leipciq 6613. sepo. 1871).·
Thesaurus llymnologicus sivo hymnorum canticorum sequentiarum
circa annum MD usitat torum collectio amplissimo Carmina collegit,
66996376166669663663939 977 9³9⁰
a1l as - 6 6 c·
6666666 slehen cm 2 666 5. 13666.

Daniel 666 bonum:

dm 93Μῇ 6166677366 116666666766 ccc 666 9. bic 15. 7666666-

b) 8 Wiener Η66666667666 auc dem 10. bis 15. Jolrloodoc
(vinc1-c, Vcricocteo daraoo stelen 8. 3837.)

c) 9166666 Handcchrc'stco auc dem 11. Jolroondert (Β. 1. 1.,

Variam dorauc 666666 cm 3. Bana 8 986 7)

 

