-012-

1107001001 401, 8. 620, 8. 628. 11. 90001909 (peccatam) 13, 0.
dolaioonomli praeconio 489, 7. eacollm'a 1199 salutis 989, 6.
dulcisonas 148, 3. 488, 9. 699, 9. 0060001001 1910109991, 4
dulcor (V) 21, 7. 89,10. 226, 1. 2. 9040004041(7)99109111181,8.
119, 9. 321, 4. 991, 1. 490, 4. 101, 11. explanem privilegium 113, 4.
666, 4. 606,1. 622, 1. 708, 11. 728, 7. 001094001011119 71, 9.
796, 8. 768, 4. 796, 4. 9000000101 (7), 1000100101 sordium
duodenam 10111901 fratrum 161,1. ‹1110- 132, 6.
denum gaudium 276, 6. 0090000100, 4009010840 278, 18.
6000119) 0191111628, 4. dyo 1019 769, 0990701491 veritos 149, 9. =
13. 9. ello. 0091001400 9900111911 148, 2.
9601996081ίοί (4091009000) geminis extasis (10900911) 'lilla
476, 21. . Ι 0000400140(7)882,16.
{wegeuzlazefflgll5039l2lJ⁶112m30 001109) &mma 6119111111ωο391111)5889, 7.
148,Ιο factoro (11. 1199911607) 61, 6. 70,10.
eleemosyna, elemosyna (7) 186, 26. 146, 2. 187, 8.
627, 9. [0194109 gentilis 604, 2. ,4019410141 1100-
900000 (1110401) 69, 11. 11919491, 14.
eleyson 11100) 69, 11. famem benignam 484, 9. 1919 864, 9.
91000009 (7) stirps 698, 2. famina mira 249, 4.
elucescat (7) dieo 860, 1. 0000010179,17.708,8.9.01100401100
eludia 11190100 27, 16. farinula (V) 60, 8.
emmanuel, 1000007111 (7) 686 140, 2. sellllae 1199 68, 6.
149, 11. 114, 2. 119, 11. 320, 11. 0010010110 333, 1.
empyreo 91110 768, 11. fiendam 210, 6.
0100400140 147, 8. figurare (praei.) 161, 8.
encaenia (7) 877, 1. fiaom'a 0190010111 64, 4.
9000000904 420, 9. 806, 9. ,1700419111ον patrocinia 976, 10
9009 (1ης) 141, 6. ι(1001009010 28, 10.
009 149, 6. 868, 8. 0100149041 266, 9. 9. aegrescit.
00409040 (lemma) 709, 8 epidimia flamen 90101011,19011111,101111019140, 4.
441, 14. 1001104, 10. 144,1. 10019991.
90400040 dignus 666, 8. 487, 6. 708, 9. 726, 4. 881, 8. 841,6.
9991114100000110) 691, 6. 669, 9. 9. (1000000010 spiritu 199, 2.
heremita. flammivomum 1109061001 688, 14.
eremos (10010, 7) 99, 12. 700, 2. 9. 4. ,110109 (7) 99091 909, 1.
9. heremus. floriditatem 109111 douo praeviderat
0000 141, 1. 141, 2. 3. 143, 1. 101, 1.
9999111400 sanctitas 143, 4. 00140910 virga 199, 8.
ml (1191119 (101199) 140, 8. 0001400009 idolatras 998, 4
elleos (131051) 0019119091111069119119 0000010101) 176, 4.
786, 6. 01001090417100199041266, 9. 9890109941.
90100400 (1619010) 191109 668, 7. eo· 0100100140(7)10999188,8.
1004010 170, 4. ,4101000400 744, 8.
9010000909 (timim) 68, 2. fraudavit (7) ludos 199010 46, 6.
1000061410 69, 4. ,7140404109 892, 11.
9001100400 1009 604, 1. fructificare (7) 260, 7. 279, 2.
euphoniam 68, l. smalefioo 1911010 604, 8.
mmmm (16 ωνος) 628, 11. ,10001140 inimicorum 280, 9.
111000074οο9 (liemcule) 129, 2. 876, 1. 0010901400 mireo sol 280, 4.
492, 4. 666, 2. 616, 8. . [0700101149 ministris 87, 6.
0000914910 (aiamim) 133,10.229, 12. qaodlmom'um (7) 69, 10.
333, 3. 311, 1. 333, 4. 401, 1. 414, 1. 90101044 110 910, 1. 011, 1111410114
426, 6. 427, 9. 428, 9. 620, ,9. . 861, 1.
9000061100(ιῦ97041101, 71376, 1. 002008010641461 (09600101άο01, V) 855, 7.
90014109ἒὲᾌονὲ (0001100017) 868, 10. 0914137101 1(7) 161,11. 162, 9. 616, 1.
emtor 43'7, 1. ² 000100 1111149911. 0411019909.
49999940· 1191119 212, 9. vorago 882, 6.

 

