-617-

praeeleotru, 6766616616 73, 3. 388, 1. 366, 2. 357, 17. 369, 9. 360,11.
666, 76. 667, 6. sea, 6. 667, e. 814, 666, s. 677, 6. 666, 6. 666, aeas, 6.
10. 872, 7. 426, 3. 463, 7.

praeerectus 73, 3. prophetalis 667161776 427, 7.

praefipurure 101, 7. 213, 6. 426, 8. prophetare (6676677167, 7) 133,8.181,1.

,7766767676 aureolam· 667, 7. 666, 76. 667, 6. 666, 7.

praelatura 890, 6. prophetia (προφητεία, 7) 23, 4. 188, 3.

primaru 676, 6. 767, 6. 676, 7. 6666. ssa,11.4os,2.

praemiatur digna 626, 7. propheticus (7766677776, 7) 194, 3. 326, 2.

praemandavit 308, 4. prophetiae 363, 2.

praenobilis 6171166 460, 2. propitiator 69, 3.

6766οᾶ676777 416, 3. propleuma (66661766, 7) 772, 8.

praeostendit 7776617616 14, 4. proportionali 468, 21.

praeostensa 77617616 697, 7. 6766616616 (161676611616) 271, 2.

praepotenter 332, 37. 67666666 30, 2.

praesentialiter 681, 18. proselyta (7766ςὴ16777, V) 846, 18.

praesepium 332, 6. praesepe 617161. 7, 16. prasouare 660, 11.

praesul 466, 6. 439, 3. 491,8. 609, 6. 7. protervit 61 666711731, 4. ,

606, 22. 609, 4. 611,14. 614, 2. 67616767667167 (apopompaei 710, 18.
644, 7. 646, 2. 646, 8. 6481. 666, 4. 712, 1. 713, 1. 716, 3. 718, 1719, 3.
558, 3. 560, 8. 690, 3. 598, 1.819,1. 111010ρὶ6693 (repatriamus) 33,3. prolo-
620, 1. 622, 2. 628 3. 629, 7. 639, 9. plusti 69, 2. .

643, 2. 644, 1. 641 4. 646, 6. 660, 1. 676117661666166 166, 2.

663, 3. 667, 2. 671 1. 672, 1, 673, 6. 66611676 (petreii, 7) 44, 4. 49, 1. 36, 6.
674, 1. 691, 8. 706 2. 706, 6. 709, 1. 87, 16. 146, 1. 169, 1. 183, 10. 209,
767, 7. 776, 10. 766, 1. 7. 767, 76 67. 677, 6. 676, 7. 667, 6. 667, 1.
766, 12. 766, 3. 767, 6. 783, 16. 277,1. 292, 4. 310, 2. 326, 1. 343,

67666616167663, 7. 704, 6. 11. 862, 1. 3. 20. 22. 367, 24. 373, 1.

praeoptatae 617, 8. 628, 8. 660, 7. 376,1. 403, 4. 436, 1. 2. 464,1.
638, 6. 644, 2. 673, 6. 674, 4. 704, 494,1.10. 496, l. 498, 2. 499, 1.
12. 724, 3. 606, 1. 623, 8. 623, 1. 660, 1,696, 1.

praetexat 462, 6. 697, 2. 606, 2. 616, 1. 640, 1. 644, 9.

praesumptiones. 666, 7. 766, 7. 766, 7. 776, 6. 776,

processisses, 2346, 7. 4731, 19. 448, 17. 762,1. 7961. 822, 1. 8381.
10. 463, 23. 831, 7. 866, 4. 366, 1. 867, 1868, 3. 871, 11.

precatam 233, 3. 936, 6. 6. 6661671616 31, 14. 133, 3. 462, 8. 338, 1.

precatus 346, 8. psalmodiae (66166616) 776, 6.

praepar a 666,, 7) 776, 67. 766, 6. plamae (667,, 7) 776, 6. 666, 7.

pressura (71 62, 3. psalterium (66176667, 7) 169, 6. 362, 2.

primas (V) 416, 2. 664, 1. 611, 6. 462, 6.

primatus (7) eoelestis 480, 3. 66611 putoris signaculum 21, 4..
6671677279, 7. puellula 763, 4.

primipotens 873, 6. puerpera (7) 8, 11. 13,12.19,1.193,6.

primopeaitus (V) 140, 4. 263, 4. 196, 3. 196, 3. 229, 8. 248, 4. 260, 6.

6716616666 (7) 167676 168, 10. prinei· 282, 6. 312, 6. 316, 4. 326, 6. 364, 6.
66716 272, 4. 329, 6. 379, 4. 406, 6. 670, 12. 718, 6. 726, 12.

6761761166(7)6166166197,8 736, 6. 779, 6. 780, 6. 731, 6. 804,

proclivus 427, 8. 12. 824, 6. 826, 12.

proflare 66 exauditus 711, 6. puerperium 266, 4. 299, 2. 304, 1.

progunqelit 1176766 regem 7666616166166 pueruli (7. 0666766666) 44, 19.

1, . , ‘u 31, .

profimaitates (7) 7611167644, 11. gemam 60, 3..

proinspeuerat 426, 6. 6676617171 sordium 299, 4.

67616666611(7) 746, 10. purificator flagitiorum 124, 8.

6767776167 virentium 430, 4. puritas (7) cordium 169, 1.

promptulis 7676111776 104, 4. pusillanimes (7) 232, 4.

promutpator fidei 468, 3. patritiatus 108, 8.

prophanas (prof. 7) 609, 6. pusioli 342, 18.

propheta (προφήτης, 7) 184, 1. 186, 2. quadratario 76676293, 8.

136, 2. 168, 1. 209, 12. 210, 3. 336, 3. miraturo 6777616 883, 2.

tl!

1
t
1
1

 

